year	smokers	qr	quitters
1974	45.6	26.7	16.610095497953616
1976	41.8	31.0	18.779710144927538
1978	40.2	33.0	19.8
1980	39.4	34.2	20.478419452887543
1982	35.3	38.8	22.379738562091493
1984	34.0	40.2	22.856187290969903
1986	32.7	42.7	24.368062827225135
1988	31.6	43.9	24.727985739750448
1990	30.0	45.3	24.844606946983543
1992	28.4	47.7	25.902103250478014
1994	26.8	48.8	25.543750000000003
1996	28.0	47.2	25.030303030303035
1998	27.1	48.2	25.21660231660232
2000	27.0	46.5	23.467289719626176
2001	26.9	46.7	23.569043151969982
2002	25.9	48.1	24.003660886319853
2003	26.0	47.5	23.523809523809522
2004	24.6	48.9	23.540900195694718
2005	23.9	49.8	23.709561752988044
2006	22.0	51.9	23.738045738045738
2007	20.9	53.9	24.436225596529283
2008	21.1	54.7	25.478366445916123
2009	21.0	54.6	25.25550660792952
2010	20.3	54.9	24.711086474501105
2011	19.8	55.0	24.200000000000006
2012	20.4	50.2	20.563855421686746
2013	19.2	54.3	22.81312910284463
2014	18.8	54.6	22.609691629955954
2015	17.8	56.7	23.30854503464204
2016	16.1	60.6	24.762944162436547
2017	16.8	59.5	24.681481481481484
2018	16.6	61.3	26.29405684754522
2019	15.8	62.5	26.333333333333336
